0.380140 ED E2 08 1D 33 14 08 20 73 75 BC 12 05 34 C1 41 14 3C 8D 7D FC EC 49 80 9F AD 00 00 9F 80 00 00 DC 44 00 00 00 00 00 00 00 00 00 00 00 00 FF FF FF FF 00 00 00 00 00 00 00 00 00 00 00 00 00 00 00 00 00 00 00 00 00 00 00 00 00 00 00 00 00 00 00 00 00 00 00 00 00 00 00 00 00 00 00 03 00 00 00 01 00 00 E0 00 55 00 
0.480140 ED E2 08 1D 33 15 08 20 EE 00 2B 00 D5 82 6B 6E 15 3C D6 05 D7 F9 4A 00 03 77 00 00 0E 0E 00 00 D6 4C 00 00 00 00 00 00 60 C7 00 00 AD C0 FF F8 FF FF 00 00 C0 B4 00 00 13 32 00 00 00 00 00 00 00 00 00 00 00 00 00 00 00 00 00 00 00 00 00 00 00 00 00 00 00 00 00 00 00 00 00 00 00 03 00 00 0D 06 BA BF 00 B8 55 38 
0.580140 ED E2 08 1D 33 16 08 20 EB 00 F0 00 D5 00 D0 A6 16 3C 00 00 FE 20 4A 80 00 00 00 00 00 00 00 00 00 00 00 00 00 00 00 00 00 00 00 00 00 00 07 16 06 C8 00 00 00 00 00 00 00 00 00 00 00 00 00 00 00 00 00 00 00 00 00 00 00 00 00 00 00 00 00 00 00 00 00 00 00 00 00 00 00 00 00 00 00 02 00 00 01 20 00 00 57 31 55 29 
0.680160 ED E2 08 1D 33 17 08 20 36 68 FF 46 D5 ED F0 C0 17 3C 00 00 FE FE 4B 00 00 00 00 00 00 00 00 00 00 00 00 00 00 00 00 00 00 00 00 00 00 00 18 86 AA 03 00 04 00 00 00 00 00 00 00 00 00 00 00 00 00 00 00 00 00 00 00 00 00 00 00 00 00 00 00 00 00 00 00 00 00 00 00 00 00 00 00 00 00 03 00 00 00 AE C3 22 63 3E 55 00 
0.780160 ED E2 08 1D 33 18 08 20 71 00 00 AF 9D 4B 08 08 18 3C 00 00 FF FF 4B 80 00 00 00 00 00 00 00 00 00 00 00 00 00 00 00 00 00 00 00 00 00 00 1B 75 C5 F0 00 00 00 D6 00 00 03 C5 00 00 17 0E 00 00 01 B8 00 00 03 30 00 00 5F 39 00 00 CF 10 00 00 00 00 00 00 00 00 B3 EB 00 00 01 D6 00 02 F0 82 C0 42 EB 90 14 6F 55 1C 
0.880180 ED E2 08 1D 33 19 08 20 40 5E 00 47 03 C0 C1 41 19 3C DE 37 FF FF 4C 00 A1 73 00 00 5A E3 00 00 C9 0C 00 00 00 00 00 00 E1 75 00 00 78 A9 00 01 00 00 E0 00 FA E7 00 00 70 07 00 00 70 5E 00 00 55 BF 00 00 67 D6 00 00 00 93 00 00 97 0E 00 00 00 00 00 00 00 00 15 5D 00 00 93 80 00 03 AD D8 FF FF FF FF FF FF 55 1F 
0.980180 ED E2 08 1D 33 1A 08 20 01 FF 00 98 03 EE 6B 6E 1A 3C B5 F7 FF FF 4C 80 C6 AD 00 00 42 84 00 00 F3 C6 00 00 00 00 00 00 0A 5D 00 00 D8 00 0D 06 BA BF 00 00 7F 4E 00 00 C1 FF 00 00 FA 00 00 00 83 DA 00 00 0C D6 00 00 02 3A 00 00 F7 0E 00 00 00 00 00 00 00 00 2F B8 00 00 03 30 00 02 00 FF FF F8 FF FF FF FF 55 09 
1.080180 ED E2 08 1D 33 1B 08 20 0E 00 00 13 01 51 D0 A6 1B 3C 80 E8 FD FB 4D 00 26 B8 00 00 03 B8 00 00 A9 F0 00 00 00 00 00 00 90 D6 00 00 04 AE 00 00 00 00 00 00 57 0E 00 00 1F 69 00 00 DF 20 00 00 4C 08 00 00 12 61 00 00 C2 89 00 00 DD B6 00 00 00 00 00 00 00 00 28 4A 00 00 A0 7C 00 03 E8 E9 07 10 06 C8 00 05 55 36 
1.180200 ED E2 08 1D 33 1C 08 20 01 00 B6 00 01 9D F0 C0 1C 3C D3 95 FE FF 4D 80 56 8B 00 00 25 27 00 00 83 FB 00 00 00 00 00 00 81 7B 00 00 6C 5D 00 00 C3 22 63 3E E3 00 00 00 00 00 00 00 00 00 00 00 00 00 00 00 00 00 00 00 00 00 00 00 00 00 00 00 00 00 00 00 00 00 00 00 00 00 00 00 00 03 00 00 18 86 AC 03 00 00 55 19 
1.280200 ED E2 08 1D 33 1D 08 20 CC 01 D3 12 0F 4A 08 08 1D 3C 00 00 FE FE 4E 00 00 00 00 00 00 00 00 00 00 00 00 00 00 00 00 00 D6 05 00 00 C3 77 C0 41 EB 90 14 6F 0E 34 00 00 2F 64 00 00 00 BE 00 00 36 DD 00 00 5A A1 00 00 BE 0A 00 00 D7 9B 00 00 00 00 00 00 00 00 9F 65 00 00 BA 94 00 03 8D E5 1B 75 D5 F0 00 00 55 02 
1.380200 ED E2 08 1D 33 1E 08 20 E5 90 D3 12 EF 00 C1 41 1E 3C 52 19 FF FF 4E 80 F8 EA 00 00 DB 6E 00 00 D8 59 00 00 00 00 00 00 0C 84 00 00 7E 1A FF FF FF FF 00 00 6A 35 00 00 88 C0 00 00 00 00 00 00 00 00 00 00 00 00 00 00 00 00 00 00 00 00 00 00 00 00 00 00 00 00 00 00 00 00 00 00 00 02 00 00 71 E8 75 3D 00 00 55 19 
1.480220 ED E2 08 1D 33 1F 08 20 EE C8 00 00 00 EC 6B 6E 1F 3C 00 00 FF FE 4F 00 00 00 00 00 00 00 00 00 00 00 00 00 00 00 00 00 00 00 00 00 00 00 FF F9 FF FF 00 00 D6 00 00 00 04 17 00 00 0E 7C 00 00 D4 33 00 00 80 00 00 00 00 00 00 00 00 87 00 00 00 00 00 00 00 00 DE 28 00 00 00 00 00 03 00 00 00 00 00 00 00 00 55 28 
1.580220 ED E2 08 1D 33 20 08 20 16 87 00 00 55 F9 D0 A6 20 3C 00 00 B8 E0 4F 80 00 00 00 00 00 00 00 00 00 00 00 00 00 00 00 00 00 00 00 00 00 00 07 09 06 C8 00 00 00 00 00 00 00 00 00 00 00 00 00 00 00 00 00 00 00 00 00 00 00 00 00 00 00 00 00 00 00 00 00 00 00 00 00 00 00 00 00 00 00 02 00 00 00 00 FF CF 62 5C 55 30 
1.680220 ED E2 08 1D 33 21 08 20 41 30 00 47 15 FA F0 C0 21 3C 00 00 F7 FE 50 00 00 00 00 00 00 00 00 00 00 00 00 00 00 00 00 00 00 00 00 00 00 00 18 86 AE 03 00 04 00 00 00 00 00 00 00 00 00 00 00 00 00 00 00 00 00 00 00 00 00 00 00 00 00 00 00 00 00 00 00 00 00 00 00 00 00 00 00 00 00 03 00 00 10 85 02 84 10 20 55 08 
1.780240 ED E2 08 1D 33 22 08 20 FE 00 30 AE 05 9C 08 08 22 3C 00 00 FE FD 50 80 00 00 00 00 00 00 00 00 00 00 00 00 00 00 00 00 00 00 00 00 00 00 1B 75 E5 F0 00 00 00 00 00 00 00 00 00 00 00 00 00 00 00 00 00 00 00 00 00 00 00 00 00 00 00 00 00 00 00 00 00 00 00 00 00 00 00 00 00 00 00 02 00 00 00 2F FE FC AB 70 55 31 
1.880240 ED E2 08 1D 33 23 08 20 7F 00 2B 47 25 9D C1 41 23 3C 00 00 FE FD 51 00 00 00 00 00 00 00 00 00 00 00 00 00 00 00 00 00 00 00 00 00 00 00 07 3C 07 7B 00 00 00 00 00 00 00 00 00 00 00 00 00 00 00 00 00 00 00 00 00 00 00 00 00 00 00 00 00 00 00 00 00 00 00 00 00 00 00 00 00 00 00 03 00 00 FF FF FF FF 00 00 55 30 
1.980240 ED E2 08 1D 33 24 08 20 DF 00 2C 98 05 75 6B 6E 24 3C 00 00 FD FE 01 80 00 00 00 00 00 00 00 00 00 00 00 00 00 00 00 00 00 00 00 00 00 00 00 00 00 00 00 00 00 00 00 00 00 00 00 00 00 00 00 00 00 00 00 00 00 00 00 00 00 00 00 00 00 00 00 00 00 00 00 00 00 00 00 00 00 00 00 00 00 03 00 00 FF F9 FF FF FF FE 55 20 
2.080260 ED E2 08 1D 33 25 08 20 6A 00 2F 13 15 D6 D0 A6 25 3C 00 00 DC DB 52 00 00 00 00 00 00 00 00 00 00 00 00 00 00 00 00 00 00 00 00 00 00 00 00 00 00 00 00 00 00 00 00 00 00 00 00 00 00 00 00 00 00 00 00 00 00 00 00 00 00 00 00 00 00 00 00 00 00 00 00 00 00 00 00 00 00 00 00 00 00 03 00 00 07 02 06 C8 00 04 55 00 
2.180260 ED E2 08 1D 33 26 08 20 43 00 C0 00 C5 D2 F0 C0 26 3C D6 01 DA E8 52 80 CD B7 00 00 0E 8F 00 00 9F B6 00 00 00 00 00 00 B0 6A 00 00 30 F9 11 81 02 04 10 27 BE 1D 00 00 AC 69 00 00 FB 69 00 00 FB 91 00 00 87 57 00 00 E4 79 00 00 F3 BC 00 00 00 00 00 00 00 00 AE B4 00 00 A8 80 00 02 E7 06 18 86 B0 03 00 00 55 23 
2.280280 ED E2 08 1D 33 27 08 20 3F AC 8F 12 55 8C 08 08 27 3C 82 C4 FF F4 53 00 C3 33 00 00 57 C0 00 00 03 F9 00 00 00 00 00 00 D6 07 00 00 CB B7 00 10 FA 7C A8 70 0E 9B 00 00 D3 DA 00 00 60 8B 00 00 3A 4C 00 00 AA B5 00 00 D1 17 00 00 D2 BE 00 00 00 00 00 00 00 00 15 72 00 00 5C 85 00 03 C8 B9 1B 75 F5 F0 00 00 55 36 
2.380280 ED E2 08 1D 33 28 08 20 FC 87 B9 12 85 8D C1 41 28 3C 04 57 FC F9 53 80 45 70 00 00 00 00 00 00 00 00 00 00 00 00 00 00 00 00 00 00 00 01 FF FF FF FF 00 00 40 9D 00 00 95 40 00 00 D6 02 00 00 CB 97 00 00 0E A7 00 00 B6 DD 00 00 10 BE 00 00 00 00 00 00 00 00 32 F3 00 00 22 C9 00 02 12 49 FF E3 00 0C FF A3 55 23 
2.480280 ED E2 08 1D 33 29 08 20 74 2D 00 00 85 00 6B 6E 29 3C 2D 2C E7 F7 54 00 67 C8 00 00 DD C5 00 00 51 89 00 00 00 00 00 00 0B B5 00 00 6F 73 FF F9 FF FF 00 00 C1 3A 00 00 F3 7E 00 00 36 D5 00 00 14 FA 00 00 2C 76 00 00 A1 4D 00 00 D6 03 00 00 00 00 00 00 00 00 F2 B7 00 00 0E A7 00 03 07 D7 00 03 00 72 FF 51 55 17 
2.580300 ED E2 08 1D 33 2A 08 20 09 FF 00 00 45 E9 D0 A6 2A 3C B0 D4 FE 27 54 80 92 8B 00 00 1B 5B 00 00 98 30 00 00 00 00 00 00 A9 33 00 00 79 FB 06 FB 06 C8 00 00 86 49 00 00 8E 71 00 00 69 B0 00 00 CA 36 00 00 CE CC 00 00 94 17 00 00 8E 41 00 00 00 00 00 00 00 00 D9 92 00 00 C2 F1 00 02 C8 BE 30 09 FF C3 B9 24 55 2D 
2.680300 ED E2 08 1D 33 2B 08 20 AE 84 34 47 85 28 F0 C0 2B 3C B5 AB FE FD 55 00 82 F8 00 00 D6 00 00 00 55 B7 00 00 00 00 00 00 0E D6 00 00 9F C3 18 86 B2 03 00 04 60 13 00 00 FE 57 00 00 73 3E 00 00 A5 67 00 00 D9 0D 00 00 9F C3 00 00 9F 55 00 00 00 00 00 00 00 00 A7 25 00 00 00 00 00 03 00 00 00 0C 00 00 00 01 55 33 
2.780300 ED E2 08 1D 33 2C 08 20 04 00 26 AE 05 F9 08 08 2C 3C 00 00 FE FF 55 80 00 00 00 00 00 00 00 00 00 00 00 00 00 00 00 00 00 00 00 00 00 00 1B 76 05 F0 00 00 00 00 00 00 00 00 00 00 00 00 00 00 00 00 00 00 00 00 00 00 00 00 00 00 00 00 00 00 00 00 00 00 00 00 00 00 00 00 00 00 00 03 00 00 00 01 5A 2A 5C 50 55 09 
2.880320 ED E2 08 1D 33 2D 08 20 1D 00 C5 46 35 9B C1 41 2D 3C 00 00 FF FF 56 00 00 00 00 00 00 00 00 00 00 00 00 00 00 00 00 00 00 00 00 00 00 00 00 00 00 00 00 00 00 00 00 00 00 00 00 00 00 00 00 00 00 00 00 00 00 00 00 00 00 00 00 00 00 00 00 00 00 00 00 00 00 00 00 00 00 00 00 00 00 03 00 00 FF FF FF FF 00 00 55 00 
2.980320 ED E2 08 1D 33 2E 08 20 98 87 02 98 55 28 6B 6E 2E 3C 00 00 FF FF 56 80 00 00 00 00 00 00 00 00 00 00 00 00 00 00 00 00 00 00 00 00 00 00 00 00 00 00 00 00 00 00 00 00 00 00 00 00 00 00 00 00 00 00 00 00 00 00 00 00 00 00 00 00 00 00 00 00 00 00 00 00 00 00 00 00 00 00 00 00 00 02 00 00 FF F8 FF FF FF FF 55 11 
3.080320 ED E2 08 1D 33 2F 08 20 73 A3 50 13 65 FB D0 A6 2F 3C 00 00 FF FB 57 00 00 00 00 00 00 00 00 00 00 00 00 00 00 00 00 00 00 00 00 00 D6 06 30 09 00 00 00 00 A5 F7 00 00 0E F8 00 00 69 DA 00 00 10 D4 00 00 4F 12 00 00 5F C3 00 00 F6 7C 00 00 00 00 00 00 00 00 D3 A4 00 00 D1 A7 00 03 8B 4F 06 F6 06 C8 00 04 55 29 
3.180340 ED E2 08 1D 33 30 08 20 0E 86 1C 00 65 F9 F0 C0 30 3C 2A E9 FE FF 57 80 D5 FA 00 00 B4 11 00 00 6C 7C 00 00 00 00 00 00 4A E3 00 00 7A B5 00 00 00 00 00 00 BA C3 00 00 00 00 00 00 00 00 00 00 00 00 00 00 00 00 00 00 00 00 00 00 00 00 00 00 00 00 00 00 00 00 00 00 00 00 00 00 00 03 00 00 18 86 B4 03 00 00 55 29 
3.280340 ED E2 08 1D 33 31 08 20 60 2F 00 12 B5 FA 08 08 31 3C 00 00 FD FC 58 00 00 00 00 00 00 00 00 00 00 00 00 00 00 00 00 00 00 00 00 00 00 00 00 00 00 00 00 00 00 00 00 00 00 00 00 00 00 00 00 00 00 00 00 00 00 00 00 00 00 00 00 00 00 00 00 00 00 00 00 00 00 00 00 00 00 00 00 00 00 03 00 00 1B 76 15 F0 00 00 55 21 
3.380340 ED E2 08 1D 33 32 08 20 4C FF 56 12 55 9C C1 41 32 3C 00 00 FF FF 58 80 00 00 00 00 00 00 00 00 00 00 00 00 00 00 00 00 00 00 00 00 00 00 FF FF FF FF 00 00 00 00 00 00 00 00 00 00 00 00 00 00 00 00 00 00 00 00 00 00 00 00 00 00 00 00 00 00 00 00 00 00 00 00 00 00 00 00 00 00 00 02 00 00 00 40 FF FE 85 AD 55 20 
3.480360 ED E2 08 1D 33 33 08 20 0E 7C 00 00 05 9D 6B 6E 33 3C 00 00 FF FE 59 00 00 00 00 00 00 00 00 00 00 00 00 00 00 00 00 00 00 00 00 00 D6 07 FF F8 FF FF 00 00 5B B7 00 00 0F 3C 00 00 36 DE 00 00 C0 8B 00 00 F6 BA 00 00 40 EB 00 00 D2 D0 00 00 00 00 00 00 00 00 2B A4 00 00 36 DE 00 03 36 35 54 A4 08 20 13 4F 55 15 
3.580360 ED E2 08 1D 33 34 08 20 73 00 00 00 05 75 D0 A6 34 3C F6 E8 B6 DD 59 80 00 00 00 00 00 00 00 00 00 00 00 00 00 00 00 00 00 00 00 00 00 00 06 F3 06 C8 00 00 00 D6 00 00 04 CC 00 00 B7 0F 00 00 27 B6 00 00 EA 30 00 00 BE 38 00 00 73 DF 00 00 00 00 00 00 00 00 FF CA 00 00 97 6C 00 03 AE 8A 13 24 13 0A 13 3C 55 0A 
3.680380 ED E2 08 1D 33 35 08 20 EE 00 00 47 D5 D6 F0 C0 35 3C B9 1D F4 FE 5A 00 5D 12 00 00 56 EB 00 00 49 C9 00 00 00 00 00 00 D7 BE 00 00 62 9D 18 86 B6 03 00 04 4A 35 00 00 6D 76 00 00 C5 82 00 00 6F 7E 00 00 9F D6 00 00 00 01 00 00 D7 0F 00 00 00 00 00 00 00 00 63 CD 00 00 2C 50 00 03 6A 07 36 D2 35 C1 0A D0 55 07 
3.780380 ED E2 08 1D 33 36 08 20 EB 82 4F AF D5 D3 08 08 36 3C 04 01 FE FD 5A 80 AA 27 00 00 74 D6 00 00 02 CC 00 00 00 00 00 00 D7 0F 00 00 35 B7 1B 76 25 F0 00 00 37 10 00 00 4C 32 00 00 8C DB 00 00 EE F3 00 00 DF 3B 00 00 A1 D4 00 00 47 AE 00 00 00 00 00 00 00 00 13 44 00 00 8B D7 00 02 64 FF 0C CF 00 00 01 24 55 2A 
3.880380 ED E2 08 1D 33 37 08 20 36 17 62 46 D5 8C C1 41 37 3C 1D 66 0C FB 5B 00 C1 E4 00 00 8F 6E 00 00 6F 6E 00 00 00 00 00 00 71 E1 00 00 8F D2 00 00 00 00 85 A8 31 D6 00 00 01 5B 00 00 D7 0F 00 00 59 9F 00 00 EA E0 00 00 BE FD 00 00 DC D1 00 00 00 00 00 00 00 00 F2 81 00 00 9C 35 00 03 1E 9F FF FF FF FF 00 00 55 06 
3.980400 ED E2 08 1D 33 38 08 20 71 88 07 98 9D 8D 6B 6E 38 3C EA 9F AF FF 03 80 46 D1 00 00 97 D6 00 00 03 C5 00 00 00 00 00 00 F7 0F 00 00 4B D4 00 00 C9 2A 00 00 E3 40 00 00 8B 33 00 00 2C 67 00 00 6F BA 00 00 2E 5C 00 00 DE E8 00 00 C0 30 00 00 00 00 00 00 00 00 97 FC 00 00 BF A0 00 02 9B FB FF F7 FF FF FF FF 55 3B 
4.080400 ED E2 08 1D 33 39 08 20 40 AE 12 13 03 00 D0 A6 2E 3C 3F 69 D9 D1 5C 00 EC F1 00 00 FA 92 00 00 0D 7D 00 00 00 00 00 00 E8 79 00 00 B1 9A 00 00 00 00 00 00 D8 00 00 00 00 00 00 00 D6 06 00 00 32 D7 00 00 0F 84 00 00 AC 0B 00 00 70 35 00 00 00 00 00 00 00 00 03 05 00 00 69 6F 00 03 62 5D 06 F1 06 C8 00 05 55 39 
4.180400 ED E2 08 1D 33 3A 08 20 01 6A 68 00 03 E9 F0 C0 1F 3C 49 93 E3 DC 5C 80 AD 0E 00 00 D6 05 00 00 C4 77 00 00 00 00 00 00 0F 5F 00 00 B5 AA 36 D7 35 C6 0A D0 20 13 00 00 35 A4 00 00 76 57 00 00 F1 0E 00 00 C7 09 00 00 6B 81 00 00 BD 2E 00 00 00 00 00 00 00 00 CB 31 00 00 47 19 00 03 4F 0B 18 86 B8 03 00 00 55 1C 
4.280420 ED E2 08 1D 33 3B 08 20 0E 7E 00 12 01 28 08 08 0F 3C AB D9 DD F1 5D 15 A2 7B 78 AB 13 B7 C5 5E B7 52 2A F1 00 00 57 8A 27 77 AE 55 21 22 0C CF 00 00 00 00 00 00 72 AB 00 00 95 5C 00 00 AA E5 00 00 4E AA 00 00 75 53 00 00 AA 9D 00 00 54 EA 00 00 AA 55 52 AA 00 00 95 54 00 00 AA A7 00 00 1B 76 35 F0 00 00 55 3B 
4.380420 ED E2 08 1D 33 3C 08 20 01 00 34 12 01 F9 C1 41 03 3C 00 00 FF F6 5D 8E 00 00 7C 73 00 00 E3 9F 00 00 1C F8 00 00 E7 C7 00 00 79 3B 00 00 FF FF FF FF 00 00 00 00 C9 DE 00 00 4E F2 00 00 77 93 00 00 8A 1C 00 00 50 E2 00 00 87 14 00 00 38 A1 00 00 75 0B A8 5D 00 00 42 EA 00 00 17 52 00 00 FF BF 06 B4 02 C3 55 2D 
4.480420 ED E2 08 1D 33 3D 08 20 CC 87 00 00 0F 9B 6B 6E 00 3C 00 00 08 FE 5E 21 00 00 DB 0E 00 00 C8 76 00 00 43 B2 00 00 1D 91 00 00 00 87 00 00 FF F7 FF FF 00 00 00 00 FC 3F 00 00 E1 FF 00 00 0F F8 00 00 67 43 00 00 3A 19 00 00 D0 CE 00 00 86 74 00 00 40 62 03 10 00 00 18 80 00 00 C4 07 00 00 FF AD 06 A4 02 A9 55 36 
4.580440 ED E2 08 1D 33 3E 08 20 E5 88 00 00 EF 28 D0 A6 00 3C 00 00 FD 27 5E 93 00 00 32 99 00 00 94 CC 00 00 A6 65 00 00 33 3C 00 00 04 E0 00 00 06 EF 06 C8 00 00 00 00 27 00 00 00 F8 07 00 00 C0 38 00 00 D2 C6 00 00 9A 32 00 00 F1 9F 00 00 8D 10 00 00 DE C6 F6 37 D6 00 B1 BD A2 97 8D EF 0F 9A FF A2 06 A8 02 99 55 27 
4.680440 ED E2 08 1D 33 3F 08 20 EE 00 00 46 00 FB F0 C0 00 3C DF 3A FE FC 5F 2A 40 35 AF 73 A3 B4 DA BC A3 DA DC EB 00 00 04 DD B2 BC 96 B5 D3 EC 18 86 BA 03 00 04 FF 01 BF 17 28 39 A0 19 4B 68 D1 EB 83 2E 0D 70 B1 E7 3F 80 7C 71 6C 01 A2 16 DF BA 00 00 FB F9 8F BF 28 A8 20 00 50 BC 00 02 00 00 01 94 08 04 04 5D 55 05 
4.780460 ED E2 08 01 32 00 08 20 7C AB 5A 31 FD BB 08 08 00 3C 00 00 D9 FF 5F 80 00 00 4E D9 00 00 F0 58 00 00 7C 8E 00 00 B4 65 00 00 F2 3A 00 00 1B 76 45 F0 00 00 00 00 D1 97 00 00 C8 EB 00 00 46 5F 00 00 23 AD 00 00 19 7C 00 00 8E B4 00 00 65 F2 00 00 3A D1 97 C8 00 00 EB 46 00 00 5F 23 00 D6 02 BC 00 00 0F 00 55 3E 
4.880460 ED E2 08 01 32 01 08 20 41 00 FA 47 15 9A C1 41 09 44 01 5A FE FF 40 00 97 0F 00 00 C9 CE 00 00 AB 50 00 00 00 00 00 00 8B E2 00 00 28 FB 00 00 00 00 00 00 62 53 00 00 E6 DA 00 00 2B BB 00 00 96 CE 00 00 54 51 00 00 B4 D6 00 00 03 C5 00 00 00 00 00 00 00 00 17 0F 00 00 AC 91 00 00 C1 C0 FF FF FF FF 00 00 55 36 
4.980460 ED E2 08 01 32 02 08 20 FE 02 D2 98 05 00 6B 6E 18 44 79 31 FF FF 40 80 CC C7 